0221211222220022100221122011202012020202111120010002110122210202102220120221111021102122100201222210202112121100110212021202111120010002110122210210221202002122201012221021022120200201221122021221101210221202012222210110211012210000122112121102212020001100201201201212102221112
2201112001000211012221021020120012001212200202022220001022220211212110011021202120211112001000211012221021020120211122211211112200010222202202122211022210000210210220201102121102202221222102211110010011110212221112
220111200100021101222102002021110202211210200111222220210122200211222202121020111102100110120001112
22011120010002110122210210200202020220012122022002221222000102222012222210110211012210000122112121102021002201201111121202121020120220120221120222121000121001121002121010121011121012121020121021221202202221112121022
22011120010002110122210210202200212002200121220220202212220001022220011122222002012211220212211012102012001022211100202220022202022121221221200202001112
220111200100021101222102102022020120022001212202212122002200010222201201212102222012222210110211012210000122112121102021002201201111121202121020121100121101121102121110121111121112121120
22011120010002110122210210202212122020200121220020012001200010222200111222220221012221222222102110021022220021222010122210210200221012112122011211221212001212011212021212101202012121112121212122012122112122212200012200112200212201002211022121220111220121220201220211220221221001112
220111200100021101222102102002000222200121220020022121200010222201201212102222012222210110211012210000122112121102021002201201111121202121020122101122102122110122111122112122120
2201112001000211012221021020020022122200121220022211101110200010222200111222220021212120212221021100210222200212220101222102102000111121102012221221212202111222111221221200002112011102121222220000102100122102200011202122000202202200101112
22011120010002110122210210200222111002022001212200222111022121200010222201201212102222012222210110211012210000122112121102021002201201111121202121020220011220012220220220221
22011120010002110122210200222111022122202211210200011021201112222102021121211001102120212021111200100021101222101112
